#menu state x y z scale r g b flag "altEngine2"
#todo, texture loading, model loading
menu 0 0.0125 0.025	0.0 0.025 1.0 1.0 1.0 1 0 "altEngine2"
menu 0 0.0125 0.2	0.0 0.05 1.0 1.0 1.0 1 0 "                  New Game"
menu 0 0.0125 0.275	0.0 0.05 0.5 0.5 0.5 1 1 "                  Multiplayer"
menu 0 0.0125 0.35	0.0 0.05 0.5 0.5 0.5 1 2 "                  Options"
menu 0 0.0125 0.425	0.0 0.05 0.5 0.5 0.5 1 3 "                  Quit"

menu 1 0.0125 0.025	0.0 0.025 1.0 1.0 1.0 1 0 "altEngine2"
menu 1 0.0125 0.2	0.0 0.05 0.5 0.5 0.5 1 0 "                  New Game"
menu 1 0.0125 0.275	0.0 0.05 1.0 1.0 1.0 1 1 "                  Multiplayer"
menu 1 0.0125 0.35	0.0 0.05 0.5 0.5 0.5 1 2 "                  Options"
menu 1 0.0125 0.425	0.0 0.05 0.5 0.5 0.5 1 3 "                  Quit"

menu 2 0.0125 0.025	0.0 0.025 1.0 1.0 1.0 1 0 "altEngine2"
menu 2 0.0125 0.2	0.0 0.05 0.5 0.5 0.5 1 0 "                  New Game"
menu 2 0.0125 0.275	0.0 0.05 0.5 0.5 0.5 1 1 "                  Multiplayer"
menu 2 0.0125 0.35	0.0 0.05 1.0 1.0 1.0 1 2 "                  Options"
menu 2 0.0125 0.425	0.0 0.05 0.5 0.5 0.5 1 3 "                  Quit"

menu 3 0.0125 0.025	0.0 0.025 1.0 1.0 1.0 1 0 "altEngine2"
menu 3 0.0125 0.2	0.0 0.05 0.5 0.5 0.5 1 0 "                  New Game"
menu 3 0.0125 0.275	0.0 0.05 0.5 0.5 0.5 1 1 "                  Multiplayer"
menu 3 0.0125 0.35	0.0 0.05 0.5 0.5 0.5 1 2 "                  Options"
menu 3 0.0125 0.425	0.0 0.05 1.0 1.0 1.0 1 3 "                  Quit"

menu 4 0.0125 0.025	0.0 0.025 1.0 1.0 1.0 1 4 "altEngine2"
menu 4 0.0125 0.1	0.0 0.025 1.0 1.0 1.0 1 4 "Map:"
menu 4 0.0125 0.175	0.0 0.05 1.0 1.0 1.0 1 4 "            1. q3tourney2.bsp"
menu 4 0.0125 0.25	0.0 0.05 0.5 0.5 0.5 1 5 "            2. q3dm17.bsp"
menu 4 0.0125 0.325	0.0 0.05 0.5 0.5 0.5 1 6 "            back"

menu 5 0.0125 0.025	0.0 0.025 1.0 1.0 1.0 1 4 "altEngine2"
menu 5 0.0125 0.1	0.0 0.025 1.0 1.0 1.0 1 4 "Map:"
menu 5 0.0125 0.175	0.0 0.05 0.5 0.5 0.5 1 4 "            1. q3tourney2.bsp"
menu 5 0.0125 0.25	0.0 0.05 1.0 1.0 1.0 1 5 "            2. q3dm17.bsp"
menu 5 0.0125 0.325	0.0 0.05 0.5 0.5 0.5 1 6 "            back"

menu 6 0.0125 0.025	0.0 0.025 1.0 1.0 1.0 1 4 "altEngine2"
menu 6 0.0125 0.1	0.0 0.025 1.0 1.0 1.0 1 4 "Map:"
menu 6 0.0125 0.175	0.0 0.05 0.5 0.5 0.5 1 4 "            1. q3tourney2.bsp"
menu 6 0.0125 0.25	0.0 0.05 0.5 0.5 0.5 1 5 "            2. q3dm17.bsp"
menu 6 0.0125 0.325	0.0 0.05 1.0 1.0 1.0 1 6 "            back"

menu 7 0.0125 0.025	0.0 0.025 1.0 1.0 1.0 1 7 "Loading map..."
menu 8 0.0125 0.025	0.0 0.025 1.0 1.0 1.0 1 8 "Loading entities..."
menu 9 0.0125 0.025	0.0 0.025 1.0 1.0 1.0 0 9 "Loading textures..."

menu 10 0.0125 0.025	0.0 0.025 1.0 1.0 1.0 0 10 "altEngine2"
menu 10 0.0125 0.2	0.0 0.05 1.0 1.0 1.0 0 10 "                  Resume"
menu 10 0.0125 0.275	0.0 0.05 0.5 0.5 0.5 0 11 "                  Options"
menu 10 0.0125 0.35	0.0 0.05 0.5 0.5 0.5 0 12 "                  Leave"
menu 10 0.0125 0.425	0.0 0.05 0.5 0.5 0.5 0 13 "                  Quit"

menu 11 0.0125 0.025	0.0 0.025 1.0 1.0 1.0 0 10 "altEngine2"
menu 11 0.0125 0.2	0.0 0.05 0.5 0.5 0.5 0 10 "                  Resume"
menu 11 0.0125 0.275	0.0 0.05 1.0 1.0 1.0 0 11 "                  Options"
menu 11 0.0125 0.35	0.0 0.05 0.5 0.5 0.5 0 12 "                  Leave"
menu 11 0.0125 0.425	0.0 0.05 0.5 0.5 0.5 0 13 "                  Quit"

menu 12 0.0125 0.025	0.0 0.025 1.0 1.0 1.0 0 10 "altEngine2"
menu 12 0.0125 0.2	0.0 0.05 0.5 0.5 0.5 0 10 "                  Resume"
menu 12 0.0125 0.275	0.0 0.05 0.5 0.5 0.5 0 11 "                  Options"
menu 12 0.0125 0.35	0.0 0.05 1.0 1.0 1.0 0 12 "                  Leave"
menu 12 0.0125 0.425	0.0 0.05 0.5 0.5 0.5 0 13 "                  Quit"

menu 13 0.0125 0.025	0.0 0.025 1.0 1.0 1.0 0 10 "altEngine2"
menu 13 0.0125 0.2	0.0 0.05 0.5 0.5 0.5 0 10 "                  Resume"
menu 13 0.0125 0.275	0.0 0.05 0.5 0.5 0.5 0 11 "                  Options"
menu 13 0.0125 0.35	0.0 0.05 0.5 0.5 0.5 0 12 "                  Leave"
menu 13 0.0125 0.425	0.0 0.05 1.0 1.0 1.0 0 13 "                  Quit"

menu 14 0.0125 0.025	0.0 0.025 1.0 1.0 1.0 1 14 "altEngine2"
menu 14 0.0125 0.1	0.0 0.025 1.0 1.0 1.0 1 14 "Multiplayer:"
menu 14 0.0125 0.175	0.0 0.05 1.0 1.0 1.0 1 14 "            1. Client"
menu 14 0.0125 0.25	0.0 0.05 0.5 0.5 0.5 1 15 "            2. Server"
menu 14 0.0125 0.325	0.0 0.05 0.5 0.5 0.5 1 16 "            back"

menu 15 0.0125 0.025	0.0 0.025 1.0 1.0 1.0 1 14 "altEngine2"
menu 15 0.0125 0.1	0.0 0.025 1.0 1.0 1.0 1 14 "Multiplayer:"
menu 15 0.0125 0.175	0.0 0.05 0.5 0.5 0.5 1 14 "            1. Client"
menu 15 0.0125 0.25	0.0 0.05 1.0 1.0 1.0 1 15 "            2. Server"
menu 15 0.0125 0.325	0.0 0.05 0.5 0.5 0.5 1 16 "            back"

menu 16 0.0125 0.025	0.0 0.025 1.0 1.0 1.0 1 14 "altEngine2"
menu 16 0.0125 0.1	0.0 0.025 1.0 1.0 1.0 1 14 "Multiplayer:"
menu 16 0.0125 0.175	0.0 0.05 0.5 0.5 0.5 1 14 "            1. Client"
menu 16 0.0125 0.25	0.0 0.05 0.5 0.5 0.5 1 15 "            2. Server"
menu 16 0.0125 0.325	0.0 0.05 1.0 1.0 1.0 1 16 "            back"